image_width: 1920
image_height: 1080
camera_name: front_cam
camera_matrix:
  rows: 3
  cols: 3
  data: [1267.96807,    0.     ,  950.2143 ,
            0.     , 1269.17848,  455.45617,
            0.     ,    0.     ,    1.     ]
distortion_model: plumb_bob
distortion_coefficients:
  rows: 1
  cols: 5
  data: [-0.346680, 0.096519, -0.001012, 0.000501, 0.000000]
rectification_matrix:
  rows: 3
  cols: 3
  data: [1., 0., 0.,
         0., 1., 0.,
         0., 0., 1.]
projection_matrix:
  rows: 3
  cols: 4
  data: [ 946.30994,    0.     ,  946.23729,    0.     ,
            0.     , 1172.28601,  440.96623,    0.     ,
            0.     ,    0.     ,    1.     ,    0.     ]
